1000 24245 09/29/10 4.00
2000 241562 08/31/11 5.50
2516 254125 04/24/12 10.00
3000 515234 01/03/13  3.33
1000 24245 09/29/14 4.00
2000 241562 08/31/15 5.50
2516 254125 04/24/16 10.00
3000 515234 01/03/17  3.33
1000 24245 09/29/18 4.00
2000 241562 08/31/19 5.50
2516 254125 04/24/20 10.00
3000 515234 01/03/21  3.33
1000 24245 09/29/22 4.00
20000 241562 08/31/23 5.50
2516 254125 04/24/24 10.00
3000 515234 01/03/25  3.33
1000 24245 09/29/26 4.00
2000 241562 08/31/27 5.50
2516 254125 04/24/28 10.00
3000 515234 01/03/29  3.33
1000 24245 09/28/26 4.00
2000 241562 08/31/27 5.50
2516 254125 04/24/28 10.00
3000 515234 01/03/29  3.33
1000 24245 09/30/26 4.00
2000 241562 08/02/27 5.50
2516 254125 03/24/28 10.00
3000 515234 06/03/29  3.33